100000000000000000000000011111111111
111111111000000000100001111111101111
111111110000000010000001111111011111
111111101000000100100001111111001111
111111100000001000000001111110111111
111111011000001100011111111110101111
111111010000010001111011111110011111
111111001000011000010111111110010000
111111000000011111110011111110000000
111110111000101000001011111101110000
111110110000110001100011111101100001
111110101000111011111001111101010001
111110100001000111001101111101000010
111110011001010011011111111100110010
111110010001100000101101111100100011
111110001001101110111011111100010100
111110000001111110000011111100000100
111101111010001110001011111011110101
111101110010011111001111111011100110
111101101010110001001111111011010111
111101100011000100001101111011001000
111101011011011000000111111010111001
111101010011101100111101111010101010
111101001100000010101111111010011011
111101000100011001011011111010001100
111100111100110001000101111001111101
111100110101001001101011111001101110
111100101101100011001011111001011111
111100100101111101100111111001010000
111100011110011000111101111001000001
111100010110110101001111111000110011
111100001111010010011011111000100100
111100000111110000100001111000010110
111100000000001111100011111000000111
111011111000101111011101110111111000
111011110001010000010011110111101010
111011101001110010000001110111011100
111011100010010100101011110111001101
111011011010111000001101110110111111
111011010011011100101001110110110000
111011001100000001111101110110100010
111011000100101000001011110110010100
111010111101001111010001110110000110
111010110101110111010001110101111000
111010101110100000001001110101101001
111010100111001001111011110101011011
111010011111110100100011110101001101
111010011000100000000011110100111111
111010010001001100011101110100110001
111010001001111001101101110100100011
111010000010100111110101110100010101
111001111011010110110101110100001000
111001110100000110101101110011111010
111001101100110111011011110011101100
111001100101101000111111110011011110
111001011110011011011011110011010001
111001010111001110101111110011000011
111001010000000010110111110010110101
111001001000110111110111110010101000
111001000001101101101101110010011010
111000111010100100011001110010001101
111000110011011011111011110001111111
111000101100010100010011110001110010
111000100101001101100001110001100100
111000011110000111100011110001010111
111000010111000010011101110001001010
111000001111111110001001110000111100
111000001000111010101101110000101111
111000000001111000000011110000100010
110111111010110110010001110000010101
110111110011110101010001110000001000
110111101100110101000111101111111011
110111100101110101110001101111101110
110111011110110111001111101111100001
110111010111111001100001101111010100
110111010000111100100111101111000111
110111001010000000011111101110111010
110111000011000101001101101110101101
110110111100001010101101101110100000
110110110101010001000011101110010011
110110101110011000001001101110000110
110110100111100000000011101101111010
110110100000101000110001101101101101
110110011001110010010001101101100000
110110010010111100100101101101010011
110110001100000111101001101101000111
110110000101010011100001101100111010
110101111110100000001011101100101110
110101110111101101100111101100100001
110101110000111011110101101100010101
110101101010001010110101101100001000
110101100011011010100111101011111100
110101011100101011001011101011110000
110101010101111100011111101011100011
110101001111001110100101101011010111
110101001000100001011011101011001011
110101000001110101000011101010111110
110100111011001001011101101010110010
110100110100011110100111101010100110
110100101101110100100001101010011010
110100100111001011001101101010001110
110100100000100010100111101010000010
110100011001111010110011101001110110
110100010011010011101111101001101010
110100001100101101011011101001011110
110100000110000111110111101001010010
110011111111100011000011101001000110
110011111000111110111101101000111010
110011110010011011100111101000101110
110011101011111001000001101000100010
110011100101010111001011101000010110
110011011110110110000011101000001011
110011011000010101101011100111111111
110011010001110110000001100111110011
110011001011010111000101100111100111
110011000100111000111001100111011100
110010111110011011011011100111010000
110010110111111110101011100111000101
110010110001100010101011100110111001
110010101011000111010111100110101110
110010100100101100110011100110100010
110010011110010010111011100110010111
110010010111111001110001100110001011
110010010001100001010101100110000000
110010001011001001100111100101110100
110010000100110010100111100101101001
110001111110011100010011100101011110
110001111000000110101101100101010010
110001110001110001110011100101000111
110001101011011101100111100100111100
110001100101001010000111100100110001
110001011110110111010101100100100110
110001011000100101001111100100011010
110001010010010011110101100100001111
110001001100000011001001100100000100
110001000101110011000111100011111001
110000111111100011110011100011101110
110000111001010101001001100011100011
110000110011000111001101100011011000
110000101100111001111011100011001101
110000100110101101010101100011000010
110000100000100001011011100010111000
110000011010010110001101100010101101
110000010100001011101011100010100010
110000001110000001110011100010010111
110000000111111000100101100010001100
110000000001110000000011100010000010
101111111011101000001101100001110111
101111110101100001000001100001101100
101111101111011010011111100001100010
101111101001010100101001100001010111
101111100011001111011101100001001100
101111011101001010111011100001000010
101111010111000111000011100000110111
101111010001000011110101100000101101
101111001011000001010001100000100010
101111000100111111011001100000011000
101110111110111110001001100000001101
101110111000111101100011100000000011
101110110010111101100111011111111000
101110101100111110010011011111101110
101110100110111111101001011111100100
101110100001000001101001011111011001
101110011011000100010011011111001111
101110010101000111100101011111000101
101110001111001011011111011110111011
101110001001010000000011011110110000
101110000011010101010001011110100110
101101111101011011000101011110011100
101101110111100001100011011110010010
101101110001101000101011011110001000
101101101011110000011001011101111110
101101100101111000110001011101110100
101101100000000001101111011101101010
101101011010001011010111011101100000
101101010100010101100111011101010110
101101001110100000011101011101001100
101101001000101011111101011101000010
101101000010111000000011011100111000
101100111101000100110001011100101110
101100110111010010000111011100100100
101100110001100000000011011100011010
101100101011101110100111011100010001
101100100101111101110011011100000111
101100100000001101100111011011111101
101100011010011101111111011011110011
101100010100101110111111011011101010
101100001111000000100111011011100000
101100001001010010110101011011010110
101100000011100101101001011011001101
101011111101111001000101011011000011
101011111000001101000111011010111001
101011110010100001101101011010110000
101011101100110110111011011010100110
101011100111001100101111011010011101
101011100001100011001001011010010011
101011011011111010001001011010001010
101011010110010001101111011010000000
101011010000101001111011011001110111
101011001011000010101101011001101101
101011000101011100000011011001100100
101010111111110110000001011001011011
101010111010010000100001011001010001
101010110100101011101001011001001000
101010101111000111010101011000111111
101010101001100011100111011000110110
101010100100000000011101011000101100
101010011110011101110111011000100011
101010011000111011111001011000011010
101010010011011010011101011000010001
101010001101111001100111011000001000
101010001000011001010101010111111110
101010000010111001100111010111110101
101001111101011010011111010111101100
101001110111111011111001010111100011
101001110010011101111001010111011010
101001101101000000011101010111010001
101001100111100011100101010111001000
101001100010000111001111010110111111
101001011100101011011111010110110110
101001010111010000010011010110101101
101001010001110101101001010110100100
101001001100011011100101010110011011
101001000111000010000011010110010011
101001000001101001000011010110001010
101000111100010000101001010110000001
101000110110111000110001010101111000
101000110001100001011101010101101111
101000101100001010101011010101100111
101000100110110100011011010101011110
101000100001011110110001010101010101
101000011100001001100111010101001100
101000010110110101000001010101000100
101000010001100000111111010100111011
101000001100001101011101010100110010
101000000110111010011111010100101010
101000000001101000000011010100100001
100111111100010110001011010100011001
100111110111000100110011010100010000
100111110001110011111111010100000111
100111101100100011101011010011111111
100111100111010011111011010011110110
100111100010000100101011010011101110
100111011100110101111111010011100110
100111010111100111110011010011011101
100111010010011010001001010011010101
100111001101001101000011010011001100
100111001000000000011011010011000100
100111000010110100010111010010111100
100110111101101000110011010010110011
100110111000011101110001010010101011
100110110011010011010001010010100011
100110101110001001010001010010011010
100110101000111111110001010010010010
100110100011110110110101010010001010
100110011110101110010111010010000010
100110011001100110011011010001111001
100110010100011111000001010001110001
100110001111011000000101010001101001
100110001010010001101101010001100001
100110000101001011110011010001011001
100110000000000110011011010001010001
100101111011000001100001010001001001
100101110101111101001001010001000001
100101110000111001010001010000111000
100101101011110101111001010000110000
100101100110110011000011010000101000
100101100001110000101011010000100000
100101011100101110110011010000011000
100101010111101101011011010000010000
100101010010101100100011010000001001
100101001101101100001011010000000001
100101001000101100010001001111111001
100101000011101100111001001111110001
100100111110101101111111001111101001
100100111001101111100101001111100001
100100110100110001101001001111011001
100100101111110100001111001111010001
100100101010110111010011001111001010
100100100101111010110101001111000010
100100100000111110110111001110111010
100100011100000011010111001110110010
100100010111001000010111001110101011
100100010010001101110101001110100011
100100001101010011110011001110011011
100100001000011010001111001110010100
100100000011100001001001001110001100
100011111110101000100011001110000100
100011111001110000011011001101111101
100011110100111000110001001101110101
100011110000000001100101001101101110
100011101011001010111001001101100110
100011100110010100101001001101011110
100011100001011110111001001101010111
100011011100101001100111001101001111
100011010111110100110001001101001000
100011010011000000011011001101000000
100011001110001100100001001100111001
100011001001011001000111001100110010
100011000100100110001001001100101010
100010111111110011101011001100100011
100010111011000001101001001100011011
100010110110010000000011001100010100
100010110001011110111101001100001101
100010101100101110010011001100000101
100010100111111110000111001011111110
100010100011001110010111001011110111
100010011110011111000101001011101111
100010011001110000010001001011101000
100010010101000001111001001011100001
100010010000010011111111001011011010
100010001011100110100001001011010010
100010000110111001100001001011001011
100010000010001100111101001011000100
100001111101100000110111001010111101
100001111000110101001011001010110110
100001110100001001111101001010101110
100001101111011111001101001010100111
100001101010110100110111001010100000
100001100110001010111111001010011001
100001100001100001100011001010010010
100001011100111000100011001010001011
100001011000010000000001001010000100
100001010011100111111001001001111101
100001001111000000001111001001110110
100001001010011000111111001001101111
100001000101110010001101001001101000
100001000001001011110101001001100001
100000111100100101111001001001011010
100000111000000000011011001001010011
100000110011011011010111001001001100
100000101110110110101111001001000101
100000101010010010100011001000111110
100000100101101110110001001000110111
100000100001001011011011001000110000
100000011100101000100011001000101010
100000011000000110000011001000100011
100000010011100100000001001000011100
100000001111000010011001001000010101
100000001010100001001011001000001110
100000000110000000011011001000001000
100000000001100000000011001000000001
011111111101000000000111000111111010
011111111000100000100111000111110011
011111110100000001100001000111101101
011111101111100010110111000111100110
011111101011000100100111000111011111
011111100110100110110001000111011000
011111100010001001010111000111010010
011111011101101100010111000111001011
011111011001001111110001000111000101
011111010100110011100111000110111110
011111010000010111110111000110110111
011111001011111100011111000110110001
011111000111100001100101000110101010
011111000011000111000011000110100100
011110111110101100111011000110011101
011110111010010011001101000110010111
011110110101111001111011000110010000
011110110001100001000001000110001010
011110101101001000100011000110000011
011110101000110000011101000101111101
011110100100011000110011000101110110
011110100000000001100001000101110000
011110011011101010101001000101101001
011110010111010100001011000101100011
011110010010111110000111000101011100
011110001110101000011011000101010110
011110001010010011001011000101010000
011110000101111110010011000101001001
011110000001101001110011000101000011
011101111101010101101111000100111101
011101111001000010000011000100110110
011101110100101110110001000100110000
011101110000011011110111000100101010
011101101100001001010111000100100011
011101100111110111010001000100011101
011101100011100101100011000100010111
011101011111010100001101000100010001
011101011011000011010001000100001010
011101010110110010101111000100000100
011101010010100010100011000011111110
011101001110010010110011000011111000
011101001010000011011001000011110010
011101000101110100011001000011101011
011101000001100101110001000011100101
011100111101010111100011000011011111
011100111001001001101101000011011001
011100110100111100001111000011010011
011100110000101111001001000011001101
011100101100100010011011000011000111
011100101000010110000111000011000001
011100100100001010001001000010111011
011100011111111110100101000010110101
011100011011110011011001000010101111
011100010111101000100101000010101001
011100010011011110001001000010100011
011100001111010100000101000010011101
011100001011001010011001000010010111
011100000111000001000101000010010001
011100000010111000000111000010001011
011011111110101111100011000010000101
011011111010100111010111000001111111
011011110110011111100001000001111001
011011110010011000000011000001110011
011011101110010000111101000001101101
011011101010001010001111000001100111
011011100110000011111001000001100001
011011100001111101111001000001011011
011011011101111000010001000001010110
011011011001110010111111000001010000
011011010101101110000111000001001010
011011010001101001100101000001000100
011011001101100101011001000000111110
011011001001100001100101000000111001
011011000101011110001001000000110011
011011000001011011000011000000101101
011010111101011000010101000000100111
011010111001010101111101000000100010
011010110101010011111101000000011100
011010110001010010010011000000010110
011010101101010000111111000000010000
011010101001010000000011000000001011
011010100101001111011101000000000101
011010100001001111001110111111111111
011010011101001111010110111111111010
011010011001001111110100111111110100
011010010101010000101010111111101110
011010010001010001110100111111101001
011010001101010011010110111111100011
011010001001010101001110111111011110
011010000101010111011110111111011000
011010000001011010000010111111010010
011001111101011100111110111111001101
011001111001100000010000111111000111
011001110101100011110110111111000010
011001110001100111110100111110111100
011001101101101100001000111110110111
011001101001110000110010111110110001
011001100101110101110010111110101100
011001100001111011001000111110100110
011001011110000000110100111110100001
011001011010000110110100111110011011
011001010110001101001100111110010110
011001010010010011111010111110010001
011001001110011010111100111110001011
011001001010100010010100111110000110
011001000110101010000010111110000000
011001000010110010000110111101111011
011000111110111010100000111101110101
011000111011000011001110111101110000
011000110111001100010010111101101011
011000110011010101101100111101100101
011000101111011111011100111101100000
011000101011101001100000111101011011
011000100111110011111010111101010101
011000100011111110101000111101010000
011000100000001001101100111101001011
011000011100010101000110111101000110
011000011000100000110100111101000000
011000010100101100111000111100111011
011000010000111001010000111100110110
011000001101000101111110111100110001
011000001001010011000000111100101011
011000000101100000011000111100100110
011000000001101110000100111100100001
010111111101111100000100111100011100
010111111010001010011010111100010110
010111110110011001000100111100010001
010111110010101000000100111100001100
010111101110110111011000111100000111
010111101011000111000000111100000010
010111100111010110111100111011111101
010111100011100111001110111011111000
010111011111110111110100111011110010
010111011100001000101110111011101101
010111011000011001111110111011101000
010111010100101011100000111011100011
010111010000111101011000111011011110
010111001101001111100100111011011001
010111001001100010000100111011010100
010111000101110100111000111011001111
010111000010001000000000111011001010
010110111110011011011100111011000101
010110111010101111001110111011000000
010110110111000011010010111010111011
010110110011010111101010111010110110
010110101111101100011000111010110001
010110101100000001011000111010101100
010110101000010110101100111010100111
010110100100101100010100111010100010
010110100001000010010000111010011101
010110011101011000100000111010011000
010110011001101111000100111010010011
010110010110000101111010111010001110
010110010010011101000110111010001001
010110001110110100100100111010000100
010110001011001100010110111010000000
010110000111100100011100111001111011
010110000011111100110100111001110110
010110000000010101100010111001110001
010101111100101110100000111001101100
010101111001000111110100111001100111
010101110101100001011010111001100010
010101110001111011010100111001011110
010101101110010101100010111001011001
010101101010110000000010111001010100
010101100111001010110110111001001111
010101100011100101111100111001001010
010101100000000001010110111001000110
010101011100011101000100111001000001
010101011000111001000100111000111100
010101010101010101010110111000110111
010101010001110001111100111000110011
010101001110001110110110111000101110
010101001010101100000000111000101001
010101000111001001100000111000100100
010101000011100111010000111000100000
010101000000000101010110111000011011
010100111100100011101100111000010110
010100111001000010010110111000010010
010100110101100001010010111000001101
010100110010000000100000111000001000
010100101110100000000010111000000100
010100101010111111110110110111111111
010100100111011111111110110111111011
010100100100000000010110110111110110
010100100000100001000010110111110001
010100011101000010000000110111101101
010100011001100011010000110111101000
010100010110000100110010110111100100
010100010010100110101000110111011111
010100001111001000110000110111011010
010100001011101011001000110111010110
010100001000001101110100110111010001
010100000100110000110010110111001101
010100000001010100000010110111001000
010011111101110111100100110111000100
010011111010011011011000110110111111
010011110110111111011110110110111011
010011110011100011111000110110110110
010011110000001000100010110110110010
010011101100101101011110110110101101
010011101001010010101100110110101001
010011100101111000001100110110100100
010011100010011101111110110110100000
010011011111000100000000110110011011
010011011011101010010110110110010111
010011011000010000111100110110010011
010011010100110111110110110110001110
010011010001011111000000110110001010
010011001110000110011100110110000101
010011001010101110001010110110000001
010011000111010110001000110101111101
010011000011111110011010110101111000
010011000000100110111100110101110100
010010111101001111101110110101101111
010010111001111000110100110101101011
010010110110100010001010110101100111
010010110011001011110010110101100010
010010101111110101101100110101011110
010010101100011111110110110101011010
010010101001001010010000110101010101
010010100101110100111110110101010001
010010100010011111111100110101001101
010010011111001011001100110101001001
010010011011110110101100110101000100
010010011000100010011100110101000000
010010010101001110100000110100111100
010010010001111010110010110100110111
010010001110100111011000110100110011
010010001011010100001100110100101111
010010001000000001010100110100101011
010010000100101110101010110100100111
010010000001011100010010110100100010
010001111110001010001100110100011110
010001111010111000010110110100011010
010001110111100110110000110100010110
010001110100010101011100110100010010
010001110001000100011000110100001101
010001101101110011100100110100001001
010001101010100011000010110100000101
010001100111010010110000110100000001
010001100100000010101110110011111101
010001100000110010111110110011111001
010001011101100011011110110011110101
010001011010010100001110110011110000
010001010111000101001110110011101100
010001010011110110100000110011101000
010001010000101000000000110011100100
010001001101011001110010110011100000
010001001010001011110100110011011100
010001000110111110001000110011011000
010001000011110000101010110011010100
010001000000100011011110110011010000
010000111101010110100000110011001100
010000111010001001110100110011001000
010000110110111101011000110011000100
010000110011110001001100110011000000
010000110000100101010000110010111100
010000101101011001100100110010111000
010000101010001110001000110010110011
010000100111000010111100110010101111
010000100011111000000000110010101100
010000100000101101010100110010101000
010000011101100010111000110010100100
010000011010011000101100110010100000
010000010111001110101110110010011100
010000010100000101000010110010011000
010000010000111011100110110010010100
010000001101110010011000110010010000
010000001010101001011100110010001100
010000000111100000101110110010001000
010000000100011000010000110010000100
010000000001010000000010110010000000
001111111110001000000100110001111100
001111111011000000010100110001111000
001111110111111000110110110001110100
001111110100110001100110110001110000
001111110001101010100110110001101101
001111101110100011110110110001101001
001111101011011101010100110001100101
001111101000010111000010110001100001
001111100101010001000000110001011101
001111100010001011001100110001011001
001111011111000101101010110001010101
001111011100000000010100110001010010
001111011000111011010000110001001110
001111010101110110011010110001001010
001111010010110001110100110001000110
001111001111101101011100110001000010
001111001100101001010100110000111111
001111001001100101011100110000111011
001111000110100001110010110000110111
001111000011011110010110110000110011
001111000000011011001100110000110000
001110111101011000001110110000101100
001110111010010101100010110000101000
001110110111010011000010110000100100
001110110100010000110010110000100001
001110110001001110110010110000011101
001110101110001101000000110000011001
001110101011001011011110110000010101
001110101000001010001010110000010010
001110100101001001000100110000001110
001110100010001000001110110000001010
001110011111000111100110110000000111
001110011100000111001110110000000011
001110011001000111000100101111111111
001110010110000111001000101111111100
001110010011000111011100101111111000
001110010000000111111110101111110100
001110001101001000101110101111110001
001110001010001001101110101111101101
001110000111001010111100101111101001
001110000100001100011000101111100110
001110000001001110000010101111100010
001101111110001111111100101111011110
001101111011010010000100101111011011
001101111000010100011010101111010111
001101110101010110111110101111010100
001101110010011001110010101111010000
001101101111011100110010101111001100
001101101100100000000010101111001001
001101101001100011100000101111000101
001101100110100111001100101111000010
001101100011101011001000101110111110
001101100000101111010000101110111011
001101011101110011100110101110110111
001101011010111000001100101110110011
001101010111111101000000101110110000
001101010101000010000010101110101100
001101010010000111010000101110101001
001101001111001100101110101110100101
001101001100010010011010101110100010
001101001001011000010100101110011110
001101000110011110011100101110011011
001101000011100100110010101110010111
001101000000101011010110101110010100
001100111101110010001000101110010000
001100111010111001000110101110001101
001100111000000000010100101110001001
001100110101000111110000101110000110
001100110010001111011000101110000010
001100101111010111010000101101111111
001100101100011111010100101101111100
001100101001100111101000101101111000
001100100110110000001000101101110101
001100100011111000110110101101110001
001100100001000001110010101101101110
001100011110001010111010101101101010
001100011011010100010010101101100111
001100011000011101110110101101100100
001100010101100111101000101101100000
001100010010110001101000101101011101
001100001111111011110110101101011001
001100001101000110010010101101010110
001100001010010000111010101101010011
001100000111011011110000101101001111
001100000100100110110010101101001100
001100000001110010000100101101001001
001011111110111101100010101101000101
001011111100001001001110101101000010
001011111001010101000110101100111111
001011110110100001001100101100111011
001011110011101101100000101100111000
001011110000111010000010101100110101
001011101110000110110000101100110001
001011101011010011101100101100101110
001011101000100000110100101100101011
001011100101101110001010101100100111
001011100010111011101100101100100100
001011100000001001011110101100100001
001011011101010111011010101100011110
001011011010100101100100101100011010
001011010111110011111100101100010111
001011010101000010100010101100010100
001011010010010001010010101100010000
001011001111100000010010101100001101
001011001100101111011110101100001010
001011001001111110110110101100000111
001011000111001110011100101100000011
001011000100011110001110101100000000
001011000001101110001110101011111101
001010111110111110011010101011111010
001010111100001110110100101011110111
001010111001011111011010101011110011
001010110110110000001100101011110000
001010110100000001001100101011101101
001010110001010010011000101011101010
001010101110100011110010101011100111
001010101011110101011000101011100011
001010101001000111001010101011100000
001010100110011001001010101011011101
001010100011101011010110101011011010
001010100000111101101110101011010111
001010011110010000010100101011010100
001010011011100011000110101011010000
001010011000110110000100101011001101
001010010110001001010000101011001010
001010010011011100100110101011000111
001010010000110000001010101011000100
001010001110000011111100101011000001
001010001011010111111000101010111110
001010001000101100000010101010111011
001010000110000000011000101010110111
001010000011010100111010101010110100
001010000000101001101010101010110001
001001111101111110100100101010101110
001001111011010011101100101010101011
001001111000101001000000101010101000
001001110101111110100000101010100101
001001110011010100001100101010100010
001001110000101010000110101010011111
001001101110000000001010101010011100
001001101011010110011100101010011001
001001101000101100111000101010010110
001001100110000011100010101010010011
001001100011011010011000101010010000
001001100000110001011010101010001101
001001011110001000101000101010001001
001001011011100000000010101010000110
001001011000110111101000101010000011
001001010110001111011010101010000000
001001010011100111011000101001111101
001001010000111111100100101001111010
001001001110010111111010101001110111
001001001011110000011100101001110100
001001001001001001001010101001110001
001001000110100010000100101001101110
001001000011111011001010101001101011
001001000001010100011100101001101001
001000111110101101111010101001100110
001000111100000111100100101001100011
001000111001100001011010101001100000
001000110110111011011100101001011101
001000110100010101101000101001011010
001000110001110000000010101001010111
001000101111001010100110101001010100
001000101100100101010110101001010001
001000101010000000010100101001001110
001000100111011011011100101001001011
001000100100110110101110101001001000
001000100010010010001110101001000101
001000011111101101111010101001000010
001000011101001001110000101000111111
001000011010100101110010101000111100
001000011000000010000000101000111010
001000010101011110011010101000110111
001000010010111010111110101000110100
001000010000010111101110101000110001
001000001101110100101010101000101110
001000001011010001110010101000101011
001000001000101111000100101000101000
001000000110001100100100101000100101
001000000011101010001100101000100011
001000000001001000000010101000100000
000111111110100110000010101000011101
000111111100000100001110101000011010
000111111001100010100110101000010111
000111110111000001001000101000010100
000111110100011111110110101000010010
000111110001111110110000101000001111
000111101111011101110100101000001100
000111101100111101000100101000001001
000111101010011100100000101000000110
000111100111111100000110101000000100
000111100101011011111000101000000001
000111100010111011110100100111111110
000111100000011011111100100111111011
000111011101111100010000100111111000
000111011011011100101110100111110110
000111011000111101011000100111110011
000111010110011110001100100111110000
000111010011111111001100100111101101
000111010001100000010110100111101010
000111001111000001101100100111101000
000111001100100011001100100111100101
000111001010000100111000100111100010
000111000111100110110000100111011111
000111000101001000110000100111011101
000111000010101010111110100111011010
000111000000001101010110100111010111
000110111101101111111000100111010101
000110111011010010100110100111010010
000110111000110101011110100111001111
000110110110011000100000100111001100
000110110011111011101110100111001010
000110110001011111001000100111000111
000110101111000010101100100111000100
000110101100100110011010100111000010
000110101010001010010100100110111111
000110100111101110011000100110111100
000110100101010010100110100110111001
000110100010110111000000100110110111
000110100000011011100100100110110100
000110011110000000010010100110110001
000110011011100101001100100110101111
000110011001001010010000100110101100
000110010110101111100000100110101001
000110010100010100111010100110100111
000110010001111010011110100110100100
000110001111100000001100100110100001
000110001101000110000110100110011111
000110001010101100001010100110011100
000110001000010010011000100110011010
000110000101111000110000100110010111
000110000011011111010100100110010100
000110000001000110000010100110010010
000101111110101100111010100110001111
000101111100010011111110100110001100
000101111001111011001010100110001010
000101110111100010100010100110000111
000101110101001010000100100110000101
000101110010110001110010100110000010
000101110000011001101000100101111111
000101101110000001101010100101111101
000101101011101001110110100101111010
000101101001010010001100100101111000
000101100110111010101100100101110101
000101100100100011010110100101110011
000101100010001100001010100101110000
000101011111110101001010100101101101
000101011101011110010100100101101011
000101011011000111100110100101101000
000101011000110001000100100101100110
000101010110011010101100100101100011
000101010100000100011110100101100001
000101010001101110011100100101011110
000101001111011000100010100101011100
000101001101000010110010100101011001
000101001010101101001110100101010111
000101001000010111110010100101010100
000101000110000010100000100101010010
000101000011101101011010100101001111
000101000001011000011100100101001100
000100111111000011101010100101001010
000100111100101111000000100101000111
000100111010011010100010100101000101
000100111000000110001110100101000010
000100110101110010000010100101000000
000100110011011110000010100100111110
000100110001001010001010100100111011
000100101110110110011100100100111001
000100101100100010111010100100110110
000100101010001111100000100100110100
000100100111111100010000100100110001
000100100101101001001100100100101111
000100100011010110010000100100101100
000100100001000011011110100100101010
000100011110110000110110100100100111
000100011100011110011000100100100101
000100011010001100000010100100100010
000100010111111001111000100100100000
000100010101100111110110100100011110
000100010011010110000000100100011011
000100010001000100010010100100011001
000100001110110010101110100100010110
000100001100100001010100100100010100
000100001010010000000100100100010001
000100000111111110111100100100001111
000100000101101110000000100100001101
000100000011011101001100100100001010
000100000001001100100010100100001000
000011111110111100000010100100000101
000011111100101011101100100100000011
000011111010011011011110100100000001
000011111000001011011010100011111110
000011110101111011100000100011111100
000011110011101011110000100011111001
000011110001011100001010100011110111
000011101111001100101100100011110101
000011101100111101011000100011110010
000011101010101110001110100011110000
000011101000011111001100100011101110
000011100110010000010100100011101011
000011100100000001100110100011101001
000011100001110011000010100011100111
000011011111100100100110100011100100
000011011101010110010100100011100010
000011011011001000001100100011011111
000011011000111010001100100011011101
000011010110101100010110100011011011
000011010100011110101010100011011000
000011010010010001000110100011010110
000011010000000011101100100011010100
000011001101110110011100100011010010
000011001011101001010100100011001111
000011001001011100010110100011001101
000011000111001111100010100011001011
000011000101000010110110100011001000
000011000010110110010010100011000110
000011000000101001111010100011000100
000010111110011101101010100011000001
000010111100010001100010100010111111
000010111010000101100100100010111101
000010110111111001110000100010111011
000010110101101110000100100010111000
000010110011100010100010100010110110
000010110001010111001000100010110100
000010101111001011111000100010110001
000010101101000000110000100010101111
000010101010110101110010100010101101
000010101000101010111110100010101011
000010100110100000010010100010101000
000010100100010101101110100010100110
000010100010001011010100100010100100
000010100000000001000100100010100010
000010011101110110111100100010011111
000010011011101100111100100010011101
000010011001100011000110100010011011
000010010111011001011000100010011001
000010010101001111110100100010010110
000010010011000110011010100010010100
000010010000111101000110100010010010
000010001110110011111100100010010000
000010001100101010111100100010001110
000010001010100010000100100010001011
000010001000011001010110100010001001
000010000110010000101110100010000111
000010000100001000010010100010000101
000010000001111111111100100010000011
000001111111110111110010100010000000
000001111101101111101110100001111110
000001111011100111110100100001111100
000001111001100000000010100001111010
000001110111011000011010100001111000
000001110101010000111010100001110101
000001110011001001100010100001110011
000001110001000010010010100001110001
000001101110111011001100100001101111
000001101100110100010000100001101101
000001101010101101011010100001101011
000001101000100110101110100001101000
000001100110100000001100100001100110
000001100100011001110000100001100100
000001100010010011011110100001100010
000001100000001101010100100001100000
000001011110000111010100100001011110
000001011100000001011010100001011100
000001011001111011101100100001011001
000001010111110110000100100001010111
000001010101110000100100100001010101
000001010011101011001110100001010011
000001010001100110000000100001010001
000001001111100000111100100001001111
000001001101011011111110100001001101
000001001011010111001010100001001011
000001001001010010011110100001001000
000001000111001101111010100001000110
000001000101001001100000100001000100
000001000011000101001100100001000010
000001000001000001000010100001000000
000000111110111101000000100000111110
000000111100111001000110100000111100
000000111010110101010110100000111010
000000111000110001101100100000111000
000000110110101110001100100000110110
000000110100101010110100100000110100
000000110010100111100100100000110001
000000110000100100011100100000101111
000000101110100001011110100000101101
000000101100011110100110100000101011
000000101010011011111000100000101001
000000101000011001010000100000100111
000000100110010110110010100000100101
000000100100010100011100100000100011
000000100010010010001110100000100001
000000100000010000001010100000011111
000000011110001110001100100000011101
000000011100001100010110100000011011
000000011010001010101010100000011001
000000011000001001000100100000010111
000000010110000111101000100000010101
000000010100000110010010100000010011
000000010010000101000110100000010001
000000010000000100000010100000001111
000000001110000011000110100000001101
000000001100000010010010100000001011
000000001010000001100110100000001001
000000001000000001000010100000000111
000000000110000000100110100000000101
000000000100000000010010100000000011
000000000010000000000110100000000001
